5
030
020
050
040
100
101
6
030
020
050
040
100
101
200
8
099
052
150
025
098
101
300
028
030
5
050
025
101
020
030
005
8
500
250
750
100
300
600
800
760
755
6
050
025
075
020
060
100
005
5
500
200
700
100
250
300
5
500
200
700
100
250
225
10
500
201
700
100
250
600
800
050
150
900
125
15
040
020
076
010
030
065
090
022
060
070
085
095
080
086
097
023
5
250
200
500
300
700
350
5
250
200
500
300
700
260
10
500
201
700
150
250
650
750
100
725
800
726
15
500
201
700
150
250
650
800
125
175
225
300
666
100
160
180
660